{
 "cells": [
  {
   "cell_type": "code",
   "execution_count": 1,
   "metadata": {},
   "outputs": [],
   "source": [
    "from Bio import SeqIO"
   ]
  },
  {
   "cell_type": "code",
   "execution_count": 21,
   "metadata": {},
   "outputs": [],
   "source": [
    "seqs = list(SeqIO.parse(r\"C:\\Users\\Derek Hart\\Documents\\Python\\rosalind_pdst.txt\",'fasta'))"
   ]
  },
  {
   "cell_type": "code",
   "execution_count": 22,
   "metadata": {},
   "outputs": [
    {
     "name": "stdout",
     "output_type": "stream",
     "text": [
      "0.0 0.3253968253968254 0.4852607709750567 0.4931972789115646 0.6439909297052154 0.31746031746031744 0.6349206349206349 0.5873015873015873 0.30839002267573695 \n",
      "0.3253968253968254 0.0 0.3219954648526077 0.31746031746031744 0.5918367346938775 0.48639455782312924 0.5691609977324263 0.47619047619047616 0.4852607709750567 \n",
      "0.4852607709750567 0.3219954648526077 0.0 0.47392290249433106 0.6190476190476191 0.5634920634920635 0.5963718820861678 0.5328798185941043 0.5714285714285714 \n",
      "0.4931972789115646 0.31746031746031744 0.47392290249433106 0.0 0.47959183673469385 0.5861678004535147 0.463718820861678 0.3072562358276644 0.5873015873015873 \n",
      "0.6439909297052154 0.5918367346938775 0.6190476190476191 0.47959183673469385 0.0 0.6541950113378685 0.45918367346938777 0.31519274376417233 0.6802721088435374 \n",
      "0.31746031746031744 0.48639455782312924 0.5634920634920635 0.5861678004535147 0.6541950113378685 0.0 0.6836734693877551 0.6473922902494331 0.48299319727891155 \n",
      "0.6349206349206349 0.5691609977324263 0.5963718820861678 0.463718820861678 0.45918367346938777 0.6836734693877551 0.0 0.282312925170068 0.6859410430839002 \n",
      "0.5873015873015873 0.47619047619047616 0.5328798185941043 0.3072562358276644 0.31519274376417233 0.6473922902494331 0.282312925170068 0.0 0.655328798185941 \n",
      "0.30839002267573695 0.4852607709750567 0.5714285714285714 0.5873015873015873 0.6802721088435374 0.48299319727891155 0.6859410430839002 0.655328798185941 0.0 \n"
     ]
    }
   ],
   "source": [
    "slen = len(seqs[0])\n",
    "for seq1 in seqs:\n",
    "    row = ''\n",
    "    for seq2 in seqs:\n",
    "        row+=str(sum([i!=j for i,j in zip(seq1,seq2)])/slen)+' '\n",
    "    print(row)"
   ]
  },
  {
   "cell_type": "code",
   "execution_count": null,
   "metadata": {},
   "outputs": [],
   "source": []
  }
 ],
 "metadata": {
  "kernelspec": {
   "display_name": "Python 3",
   "language": "python",
   "name": "python3"
  },
  "language_info": {
   "codemirror_mode": {
    "name": "ipython",
    "version": 3
   },
   "file_extension": ".py",
   "mimetype": "text/x-python",
   "name": "python",
   "nbconvert_exporter": "python",
   "pygments_lexer": "ipython3",
   "version": "3.6.4"
  }
 },
 "nbformat": 4,
 "nbformat_minor": 2
}
